!_TAG_FILE_FORMAT	2	/extended format; --format=1 will not append ;" to lines/
!_TAG_FILE_SORTED	1	/0=unsorted, 1=sorted, 2=foldcase/
!_TAG_PROGRAM_AUTHOR	Darren Hiebert	/dhiebert@users.sourceforge.net/
!_TAG_PROGRAM_NAME	Exuberant Ctags	//
!_TAG_PROGRAM_URL	http://ctags.sourceforge.net	/official site/
!_TAG_PROGRAM_VERSION	5.9~svn20110310	//
Node	../src/utils.py	/^class Node:$/;"	kind:class	line:1
SymbolTable	../src/utils.py	/^class SymbolTable:$/;"	kind:class	line:5
__init__	../src/utils.py	/^	def __init__(self):$/;"	kind:member	line:2
__init__	../src/utils.py	/^	def __init__(self, parent):$/;"	kind:member	line:6
_lr_action	../src/parsetab.py	/^_lr_action = {}$/;"	kind:variable	line:13
_lr_action_items	../src/parsetab.py	/^_lr_action_items = {'OROR':([92,94,95,96,99,100,102,103,104,105,106,111,112,114,135,148,149,150,152,153,160,203,207,208,212,213,232,235,253,254,255,262,267,276,295,297,303,313,316,320,],[-93,-111,-81,-88,-82,-84,-85,-87,-90,-89,-107,161,-86,-92,161,-112,-95,-96,-94,-97,161,161,-98,161,-83,161,-90,161,-99,-101,-91,-90,161,161,161,161,161,161,-100,161,]),'CARET':([92,94,95,96,99,100,102,103,104,105,106,111,112,114,135,148,149,150,152,153,160,203,207,208,212,213,232,235,253,254,255,262,267,276,295,297,303,313,316,320,],[-93,-111,-81,-88,-82,-84,-85,-87,-90,-89,-107,162,-86,-92,162,-112,-95,-96,-94,-97,162,162,-98,162,-83,162,-90,162,-99,-101,-91,-90,162,162,162,162,162,162,-100,162,]),'GREAT':([92,94,95,96,99,100,102,103,104,105,106,111,112,114,135,148,149,150,152,153,160,203,207,208,212,213,232,235,253,254,255,262,267,276,295,297,303,313,316,320,],[-93,-111,-81,-88,-82,-84,-85,-87,-90,-89,-107,163,-86,-92,163,-112,-95,-96,-94,-97,163,163,-98,163,-83,163,-90,163,-99,-101,-91,-90,163,163,163,163,163,163,-100,163,]),'SEMICOL':([1,6,7,12,15,16,17,18,19,22,26,31,33,34,38,41,42,44,48,49,53,55,56,57,58,59,65,66,67,68,69,70,71,72,77,81,82,83,84,85,86,87,88,92,94,95,96,99,100,102,103,104,105,106,112,114,116,117,118,119,121,122,123,124,132,133,134,135,137,138,139,140,141,144,145,148,149,150,152,153,184,186,187,189,194,195,196,198,200,207,209,210,212,213,214,215,216,217,218,219,220,222,223,224,225,226,227,228,229,230,231,232,233,235,236,237,238,239,241,243,244,251,253,254,255,256,257,258,259,260,261,262,264,267,268,269,270,271,272,274,276,291,292,293,294,297,298,299,300,301,304,305,306,313,314,315,316,317,318,319,320,326,328,331,338,339,342,344,352,],[5,-225,-226,24,-48,35,-47,-44,-45,-46,-227,-49,-236,-236,-67,-64,-63,-59,-231,-235,-6,-3,-2,-5,-7,-55,-53,-8,-9,-58,-56,-76,-236,-77,-236,-66,-228,142,143,-50,-24,-23,-22,-93,-111,-81,-88,-82,-84,-85,-87,-90,-89,-107,-86,-92,-28,-29,-25,-27,-26,-79,-236,-80,-68,193,-72,-236,-74,-71,-60,197,-65,-4,-54,-112,-95,-96,-94,-97,-57,-236,-43,-30,-104,-106,-73,250,-15,-98,-14,-12,-83,-108,-145,-152,256,-154,-141,-181,-236,-180,-148,-153,-146,-236,-147,-149,-236,-236,-140,-90,-151,-158,-236,-143,-142,-150,-155,-144,-40,-236,-99,-101,-91,-42,-212,-214,-213,-236,305,-90,-151,-158,-218,-157,-216,-217,307,-151,-158,-159,-160,-215,-219,-105,-21,-20,-19,-18,-156,-236,-200,-75,-161,-236,-100,-207,-206,329,-204,-179,-174,-182,-177,-178,-236,-188,-236,]),'CONST':([5,8,9,10,11,24,35,123,186,187,256,260,342,352,],[-236,-221,-236,14,-224,-222,-223,-236,14,-43,-42,14,-236,-236,]),'FUNC':([5,8,9,10,11,24,33,34,35,40,45,60,61,64,68,69,71,73,76,80,90,93,98,101,107,108,110,113,120,123,126,136,151,154,156,157,159,161,162,163,164,165,166,167,168,169,170,171,172,173,174,175,176,177,178,179,180,181,182,183,184,186,187,189,191,192,199,211,220,226,230,242,245,249,252,256,260,274,275,277,278,279,280,281,282,283,284,285,286,287,288,289,290,305,307,309,311,325,329,330,342,343,352,358,],[-236,-221,-236,20,-224,-222,52,-236,-223,52,52,52,52,52,-58,-56,52,52,52,52,52,52,-136,-135,-137,-139,52,-138,52,-236,52,52,52,52,52,52,52,-113,-127,-121,-134,-120,-118,-114,-117,-125,-123,-132,-119,-124,52,-116,-129,-128,-133,-115,-131,-122,-126,-130,-57,52,-43,-30,52,52,52,-137,52,52,52,52,52,52,52,-42,52,-176,-236,52,-162,-173,-170,-165,-163,-167,-172,-171,-169,-164,-168,52,-166,52,-175,-191,52,-190,52,52,-236,52,-236,52,]),'AMPCAR':([92,94,95,96,99,100,102,103,104,105,106,111,112,114,135,148,149,150,152,153,160,203,207,208,212,213,232,235,253,254,255,262,267,276,295,297,303,313,316,320,],[-93,-111,-81,-88,-82,-84,-85,-87,-90,-89,-107,164,-86,-92,164,-112,-95,-96,-94,-97,164,164,-98,164,-83,164,-90,164,-99,-101,-91,-90,164,164,164,164,164,164,-100,164,]),'LESS':([92,94,95,96,99,100,102,103,104,105,106,111,112,114,135,148,149,150,152,153,160,203,207,208,212,213,232,235,253,254,255,262,267,276,295,297,303,313,316,320,],[-93,-111,-81,-88,-82,-84,-85,-87,-90,-89,-107,165,-86,-92,165,-112,-95,-96,-94,-97,165,165,-98,165,-83,165,-90,165,-99,-101,-91,-90,165,165,165,165,165,165,-100,165,]),'EQEQ':([92,94,95,96,99,100,102,103,104,105,106,111,112,114,135,148,149,150,152,153,160,203,207,208,212,213,232,235,253,254,255,262,267,276,295,297,303,313,316,320,],[-93,-111,-81,-88,-82,-84,-85,-87,-90,-89,-107,166,-86,-92,166,-112,-95,-96,-94,-97,166,166,-98,166,-83,166,-90,166,-99,-101,-91,-90,166,166,166,166,166,166,-100,166,]),'GGEQ':([92,94,95,96,99,100,102,103,104,105,106,112,114,148,149,150,152,153,194,195,207,212,213,232,234,235,253,254,255,262,267,276,297,316,],[-93,-111,-81,-88,-82,-84,-85,-87,-90,-89,-107,-86,-92,-112,-95,-96,-94,-97,-104,-106,-98,-83,-108,-90,284,-236,-99,-101,-91,-90,-236,-236,-105,-100,]),'EQUAL':([33,34,40,45,53,54,55,56,57,58,59,62,66,67,68,69,71,77,86,87,88,92,94,95,96,99,100,102,103,104,105,106,112,114,116,117,118,119,121,144,148,149,150,152,153,184,189,194,195,200,207,209,210,212,213,232,234,235,253,254,255,262,267,276,297,316,],[-236,-236,76,80,-6,-10,-3,-2,-5,-7,-11,90,-8,-9,-58,-56,-236,136,-24,-23,-22,-93,-111,-81,-88,-82,-84,-85,-87,-90,-89,-107,-86,-92,-28,-29,-25,-27,-26,-4,-112,-95,-96,-94,-97,-57,-30,-104,-106,-15,-98,-14,-12,-83,-108,-90,279,-236,-99,-101,-91,-90,-236,-236,-105,-100,]),'GOTO':([123,186,187,256,260,342,352,],[-236,240,-43,-42,240,-236,-236,]),'CAREQ':([92,94,95,96,99,100,102,103,104,105,106,112,114,148,149,150,152,153,194,195,207,212,213,232,234,235,253,254,255,262,267,276,297,316,],[-93,-111,-81,-88,-82,-84,-85,-87,-90,-89,-107,-86,-92,-112,-95,-96,-94,-97,-104,-106,-98,-83,-108,-90,280,-236,-99,-101,-91,-90,-236,-236,-105,-100,]),'COLONEQ':([232,262,312,],[277,277,325,]),'AMPAMP':([92,94,95,96,99,100,102,103,104,105,106,111,112,114,135,148,149,150,152,153,160,203,207,208,212,213,232,235,253,254,255,262,267,276,295,297,303,313,316,320,],[-93,-111,-81,-88,-82,-84,-85,-87,-90,-89,-107,167,-86,-92,167,-112,-95,-96,-94,-97,167,167,-98,167,-83,167,-90,167,-99,-101,-91,-90,167,167,167,167,167,167,-100,167,]),'RETURN':([123,186,187,256,260,342,352,],[-236,220,-43,-42,220,-236,-236,]),'RUNE':([64,76,90,93,98,101,107,108,110,113,123,136,151,154,156,159,161,162,163,164,165,166,167,168,169,170,171,172,173,174,175,176,177,178,179,180,181,182,183,186,187,211,220,226,230,242,249,252,256,260,274,275,277,278,279,280,281,282,283,284,285,286,287,288,289,290,305,307,309,311,325,329,330,342,352,],[96,96,96,96,-136,-135,-137,-139,96,-138,-236,96,96,96,96,96,-113,-127,-121,-134,-120,-118,-114,-117,-125,-123,-132,-119,-124,96,-116,-129,-128,-133,-115,-131,-122,-126,-130,96,-43,-137,96,96,96,96,96,96,-42,96,-176,-236,96,-162,-173,-170,-165,-163,-167,-172,-171,-169,-164,-168,96,-166,96,-175,-191,96,-190,96,96,-236,-236,]),'MINUS':([64,76,90,92,93,94,95,96,98,99,100,101,102,103,104,105,106,107,108,110,111,112,113,114,123,135,136,148,149,150,151,152,153,154,156,159,160,161,162,163,164,165,166,167,168,169,170,171,172,173,174,175,176,177,178,179,180,181,182,183,186,187,203,207,208,211,212,213,220,226,230,232,235,242,249,252,253,254,255,256,260,262,267,276,277,278,279,280,281,282,283,284,285,286,287,288,289,290,295,297,303,305,313,316,320,329,330,342,352,],[98,98,98,-93,98,-111,-81,-88,-136,-82,-84,-135,-85,-87,-90,-89,-107,-137,-139,98,169,-86,-138,-92,-236,169,98,-112,-95,-96,98,-94,-97,98,98,98,169,-113,-127,-121,-134,-120,-118,-114,-117,-125,-123,-132,-119,-124,98,-116,-129,-128,-133,-115,-131,-122,-126,-130,98,-43,169,-98,169,-137,-83,169,98,98,98,-90,169,98,98,98,-99,-101,-91,-42,98,-90,169,169,98,-162,-173,-170,-165,-163,-167,-172,-171,-169,-164,-168,98,-166,169,169,169,98,169,-100,169,98,98,-236,-236,]),'DOT':([13,25,46,47,92,94,95,96,99,100,102,103,104,105,112,114,142,149,150,152,153,207,212,232,253,254,255,262,316,324,],[30,-236,-230,30,-93,155,-81,-88,-82,-84,-85,-87,-90,-89,-86,-92,-229,-95,-96,-94,-97,-98,-83,-90,-99,-101,-91,-90,-100,337,]),'RBRACE':([91,123,146,147,186,187,188,250,256,308,321,322,323,334,335,336,342,346,349,352,356,],[-236,-236,200,-17,-41,-43,244,-16,-42,-236,-184,331,-236,-183,-193,344,-236,-192,-185,-236,-194,]),'CASE':([186,187,256,308,321,322,323,334,335,336,342,346,349,352,356,],[-41,-43,-42,-236,-184,330,-236,-183,-193,343,-236,-192,-185,-236,-194,]),'GEQ':([92,94,95,96,99,100,102,103,104,105,106,111,112,114,135,148,149,150,152,153,160,203,207,208,212,213,232,235,253,254,255,262,267,276,295,297,303,313,316,320,],[-93,-111,-81,-88,-82,-84,-85,-87,-90,-89,-107,170,-86,-92,170,-112,-95,-96,-94,-97,170,170,-98,170,-83,170,-90,170,-99,-101,-91,-90,170,170,170,170,170,170,-100,170,]),'RPAREN':([25,32,39,43,46,47,50,51,53,55,56,57,58,66,67,71,73,74,75,78,79,86,87,88,89,92,94,95,96,99,100,102,103,104,105,106,112,114,116,117,118,119,120,121,125,127,128,129,131,135,142,143,144,148,149,150,152,153,154,158,160,185,189,190,193,194,195,197,200,204,205,206,207,208,209,210,212,213,246,247,248,253,254,255,296,297,316,353,],[-236,-236,-236,-236,-230,82,85,-52,-6,-3,-2,-5,-7,-8,-9,-236,-236,132,-70,139,-62,-24,-23,-22,144,-93,-111,-81,-88,-82,-84,-85,-87,-90,-89,-107,-86,-92,-28,-29,-25,-27,-236,-26,189,-35,-33,-31,-32,-236,-229,-51,-4,-112,-95,-96,-94,-97,-236,144,212,144,-30,-34,-69,-104,-106,-61,-15,-103,-102,254,-98,255,-14,-12,-83,-108,-39,-36,-37,-99,-101,-91,-38,-105,-100,357,]),'TIMESEQ':([92,94,95,96,99,100,102,103,104,105,106,112,114,148,149,150,152,153,194,195,207,212,213,232,234,235,253,254,255,262,267,276,297,316,],[-93,-111,-81,-88,-82,-84,-85,-87,-90,-89,-107,-86,-92,-112,-95,-96,-94,-97,-104,-106,-98,-83,-108,-90,281,-236,-99,-101,-91,-90,-236,-236,-105,-100,]),'LL':([92,94,95,96,99,100,102,103,104,105,106,111,112,114,135,148,149,150,152,153,160,203,207,208,212,213,232,235,253,254,255,262,267,276,295,297,303,313,316,320,],[-93,-111,-81,-88,-82,-84,-85,-87,-90,-89,-107,171,-86,-92,171,-112,-95,-96,-94,-97,171,171,-98,171,-83,171,-90,171,-99,-101,-91,-90,171,171,171,171,171,171,-100,171,]),'MODEQ':([92,94,95,96,99,100,102,103,104,105,106,112,114,148,149,150,152,153,194,195,207,212,213,232,234,235,253,254,255,262,267,276,297,316,],[-93,-111,-81,-88,-82,-84,-85,-87,-90,-89,-107,-86,-92,-112,-95,-96,-94,-97,-104,-106,-98,-83,-108,-90,283,-236,-99,-101,-91,-90,-236,-236,-105,-100,]),'PLUS':([64,76,90,92,93,94,95,96,98,99,100,101,102,103,104,105,106,107,108,110,111,112,113,114,123,135,136,148,149,150,151,152,153,154,156,159,160,161,162,163,164,165,166,167,168,169,170,171,172,173,174,175,176,177,178,179,180,181,182,183,186,187,203,207,208,211,212,213,220,226,230,232,235,242,249,252,253,254,255,256,260,262,267,276,277,278,279,280,281,282,283,284,285,286,287,288,289,290,295,297,303,305,313,316,320,329,330,342,352,],[101,101,101,-93,101,-111,-81,-88,-136,-82,-84,-135,-85,-87,-90,-89,-107,-137,-139,101,173,-86,-138,-92,-236,173,101,-112,-95,-96,101,-94,-97,101,101,101,173,-113,-127,-121,-134,-120,-118,-114,-117,-125,-123,-132,-119,-124,101,-116,-129,-128,-133,-115,-131,-122,-126,-130,101,-43,173,-98,173,-137,-83,173,101,101,101,-90,173,101,101,101,-99,-101,-91,-42,101,-90,173,173,101,-162,-173,-170,-165,-163,-167,-172,-171,-169,-164,-168,101,-166,173,173,173,101,173,-100,173,101,101,-236,-236,]),'MINUSEQ':([92,94,95,96,99,100,102,103,104,105,106,112,114,148,149,150,152,153,194,195,207,212,213,232,234,235,253,254,255,262,267,276,297,316,],[-93,-111,-81,-88,-82,-84,-85,-87,-90,-89,-107,-86,-92,-112,-95,-96,-94,-97,-104,-106,-98,-83,-108,-90,287,-236,-99,-101,-91,-90,-236,-236,-105,-100,]),'SWITCH':([123,186,187,256,260,342,352,],[-236,230,-43,-42,230,-236,-236,]),'COLON':([53,55,56,57,58,66,67,71,86,87,88,92,94,95,96,99,100,102,103,104,105,106,112,114,116,117,118,119,121,135,144,148,149,150,151,152,153,189,194,195,200,201,202,203,207,209,210,212,213,221,232,253,254,255,297,316,332,333,341,345,347,350,351,354,355,359,],[-6,-3,-2,-5,-7,-8,-9,-236,-24,-23,-22,-93,-111,-81,-88,-82,-84,-85,-87,-90,-89,-107,-86,-92,-28,-29,-25,-27,-26,-236,-4,-112,-95,-96,-236,-94,-97,-30,-104,-106,-15,252,-110,-109,-98,-14,-12,-83,-108,260,-157,-99,-101,-91,-105,-100,342,-187,-186,352,-196,-236,-195,-197,-199,-198,]),'TYPEX':([33,34,40,45,60,61,64,68,69,71,73,76,80,90,93,98,101,107,108,110,113,120,123,126,136,151,154,156,157,159,161,162,163,164,165,166,167,168,169,170,171,172,173,174,175,176,177,178,179,180,181,182,183,184,186,187,189,191,192,199,211,220,226,230,242,245,249,252,256,260,274,275,277,278,279,280,281,282,283,284,285,286,287,288,289,290,305,307,309,311,325,329,330,342,343,352,358,],[57,-236,57,57,57,57,57,-58,-56,57,57,57,57,57,57,-136,-135,-137,-139,57,-138,57,-236,57,57,57,57,57,57,57,-113,-127,-121,-134,-120,-118,-114,-117,-125,-123,-132,-119,-124,57,-116,-129,-128,-133,-115,-131,-122,-126,-130,-57,57,-43,-30,57,57,57,-137,57,57,57,57,57,57,57,-42,57,-176,-236,57,-162,-173,-170,-165,-163,-167,-172,-171,-169,-164,-168,57,-166,57,-175,-191,57,-190,57,57,-236,57,-236,57,]),'COMMA':([34,53,55,56,57,58,66,67,68,69,71,86,87,88,92,94,95,96,99,100,102,103,104,105,106,112,114,116,117,118,119,121,127,128,130,135,144,148,149,150,152,153,184,185,189,190,194,195,200,207,209,210,212,213,232,235,246,247,248,253,254,255,262,267,276,296,297,316,350,354,355,359,],[-236,-6,-3,-2,-5,-7,-8,-9,-58,115,-236,-24,-23,-22,-93,-111,-81,-88,-82,-84,-85,-87,-90,-89,-107,-86,-92,-28,-29,-25,-27,-26,191,-39,192,-236,-4,-112,-95,-96,-94,-97,-57,-39,-30,-38,249,-106,-15,-98,-14,-12,-83,-108,-90,-236,-39,-36,-37,-99,-101,-91,-90,-236,-236,-38,-105,-100,-236,358,-199,-198,]),'IMAGINARY':([64,76,90,93,98,101,107,108,110,113,123,136,151,154,156,159,161,162,163,164,165,166,167,168,169,170,171,172,173,174,175,176,177,178,179,180,181,182,183,186,187,211,220,226,230,242,249,252,256,260,274,275,277,278,279,280,281,282,283,284,285,286,287,288,289,290,305,307,309,311,325,329,330,342,352,],[103,103,103,103,-136,-135,-137,-139,103,-138,-236,103,103,103,103,103,-113,-127,-121,-134,-120,-118,-114,-117,-125,-123,-132,-119,-124,103,-116,-129,-128,-133,-115,-131,-122,-126,-130,103,-43,-137,103,103,103,103,103,103,-42,103,-176,-236,103,-162,-173,-170,-165,-163,-167,-172,-171,-169,-164,-168,103,-166,103,-175,-191,103,-190,103,103,-236,-236,]),'IDENTIFIER':([2,13,14,20,21,23,25,32,39,43,46,47,50,51,64,73,74,75,76,78,79,90,91,93,98,101,107,108,110,113,115,120,123,136,142,143,146,147,151,154,155,156,159,161,162,163,164,165,166,167,168,169,170,171,172,173,174,175,176,177,178,179,180,181,182,183,186,187,191,192,193,197,211,220,226,229,230,236,240,242,249,250,252,256,260,274,275,277,278,279,280,281,282,283,284,285,286,287,288,289,290,305,307,309,311,325,329,330,337,342,352,],[7,7,34,36,34,45,-236,-236,-236,-236,-230,7,34,-52,104,34,34,-70,104,45,-62,104,-236,104,-136,-135,-137,-139,104,-138,184,34,-236,104,-229,-51,34,-17,104,104,207,104,104,-113,-127,-121,-134,-120,-118,-114,-117,-125,-123,-132,-119,-124,104,-116,-129,-128,-133,-115,-131,-122,-126,-130,232,-43,34,34,-69,-61,-137,104,262,269,262,269,269,104,104,-16,104,-42,232,-176,312,104,-162,-173,-170,-165,-163,-167,-172,-171,-169,-164,-168,104,-166,104,-175,-191,104,-190,262,104,207,-236,-236,]),'DIVIDEEQ':([92,94,95,96,99,100,102,103,104,105,106,112,114,148,149,150,152,153,194,195,207,212,213,232,234,235,253,254,255,262,267,276,297,316,],[-93,-111,-81,-88,-82,-84,-85,-87,-90,-89,-107,-86,-92,-112,-95,-96,-94,-97,-104,-106,-98,-83,-108,-90,290,-236,-99,-101,-91,-90,-236,-236,-105,-100,]),'$end':([3,4,5,8,9,10,11,24,35,],[-1,0,-236,-221,-236,-220,-224,-222,-223,]),'STRING':([7,13,25,27,28,29,30,46,47,53,55,56,57,58,64,66,67,71,76,86,87,88,90,93,98,101,107,108,110,113,116,117,118,119,121,123,136,142,144,151,154,156,159,161,162,163,164,165,166,167,168,169,170,171,172,173,174,175,176,177,178,179,180,181,182,183,186,187,189,200,209,210,211,220,226,230,242,249,251,252,256,260,274,275,277,278,279,280,281,282,283,284,285,286,287,288,289,290,305,307,309,311,325,329,330,342,352,],[-226,-236,-236,-234,-233,49,-232,-230,-236,-6,-3,-2,-5,-7,105,-8,-9,-236,105,-24,-23,-22,105,105,-136,-135,-137,-139,105,-138,-28,-29,-25,-27,-26,-236,105,-229,-4,105,105,105,105,-113,-127,-121,-134,-120,-118,-114,-117,-125,-123,-132,-119,-124,105,-116,-129,-128,-133,-115,-131,-122,-126,-130,105,-43,-30,-15,-14,-12,-137,105,105,105,105,105,298,105,-42,105,-176,-236,105,-162,-173,-170,-165,-163,-167,-172,-171,-169,-164,-168,105,-166,105,-175,-191,105,-190,105,105,-236,-236,]),'FOR':([123,186,187,256,260,342,352,],[-236,226,-43,-42,226,-236,-236,]),'PACKAGE':([0,],[2,]),'PLUSPLUS':([92,94,95,96,99,100,102,103,104,105,106,112,114,148,149,150,152,153,207,212,213,232,235,253,254,255,262,267,276,316,],[-93,-111,-81,-88,-82,-84,-85,-87,-90,-89,-107,-86,-92,-112,-95,-96,-94,-97,-98,-83,-108,-90,291,-99,-101,-91,-90,291,291,-100,]),'RBRACK':([92,94,95,96,99,100,102,103,104,105,106,109,111,112,114,148,149,150,152,153,202,203,207,212,213,252,253,254,255,302,303,316,],[-93,-111,-81,-88,-82,-84,-85,-87,-90,-89,-107,157,-13,-86,-92,-112,-95,-96,-94,-97,-110,253,-98,-83,-108,-236,-99,-101,-91,316,-109,-100,]),'LLEQ':([92,94,95,96,99,100,102,103,104,105,106,112,114,148,149,150,152,153,194,195,207,212,213,232,234,235,253,254,255,262,267,276,297,316,],[-93,-111,-81,-88,-82,-84,-85,-87,-90,-89,-107,-86,-92,-112,-95,-96,-94,-97,-104,-106,-98,-83,-108,-90,285,-236,-99,-101,-91,-90,-236,-236,-105,-100,]),'DIVIDE':([92,94,95,96,99,100,102,103,104,105,106,111,112,114,135,148,149,150,152,153,160,203,207,208,212,213,232,235,253,254,255,262,267,276,295,297,303,313,316,320,],[-93,-111,-81,-88,-82,-84,-85,-87,-90,-89,-107,176,-86,-92,176,-112,-95,-96,-94,-97,176,176,-98,176,-83,176,-90,176,-99,-101,-91,-90,176,176,176,176,176,176,-100,176,]),'TIMES':([33,34,40,45,60,61,64,68,69,71,73,76,80,90,92,93,94,95,96,98,99,100,101,102,103,104,105,106,107,108,110,111,112,113,114,120,123,126,135,136,148,149,150,151,152,153,154,156,157,159,160,161,162,163,164,165,166,167,168,169,170,171,172,173,174,175,176,177,178,179,180,181,182,183,184,186,187,189,191,192,199,203,207,208,211,212,213,220,226,230,232,235,242,245,249,252,253,254,255,256,260,262,267,274,275,276,277,278,279,280,281,282,283,284,285,286,287,288,289,290,295,297,303,305,307,309,311,313,316,320,325,329,330,342,343,352,358,],[60,-236,60,60,60,60,107,-58,-56,60,60,107,60,107,-93,107,-111,-81,-88,-136,-82,-84,-135,-85,-87,-90,-89,-107,-137,-139,107,177,-86,-138,-92,60,-236,60,177,107,-112,-95,-96,107,-94,-97,107,107,60,211,177,-113,-127,-121,-134,-120,-118,-114,-117,-125,-123,-132,-119,-124,107,-116,-129,-128,-133,-115,-131,-122,-126,-130,-57,107,-43,-30,60,60,60,177,-98,177,-137,-83,177,107,107,107,-90,177,107,60,107,107,-99,-101,-91,-42,107,-90,177,-176,-236,177,107,-162,-173,-170,-165,-163,-167,-172,-171,-169,-164,-168,107,-166,177,177,177,107,-175,-191,60,177,-100,177,-190,107,107,-236,60,-236,60,]),'GG':([92,94,95,96,99,100,102,103,104,105,106,111,112,114,135,148,149,150,152,153,160,203,207,208,212,213,232,235,253,254,255,262,267,276,295,297,303,313,316,320,],[-93,-111,-81,-88,-82,-84,-85,-87,-90,-89,-107,178,-86,-92,178,-112,-95,-96,-94,-97,178,178,-98,178,-83,178,-90,178,-99,-101,-91,-90,178,178,178,178,178,178,-100,178,]),'MINUSMIN':([92,94,95,96,99,100,102,103,104,105,106,112,114,148,149,150,152,153,207,212,213,232,235,253,254,255,262,267,276,316,],[-93,-111,-81,-88,-82,-84,-85,-87,-90,-89,-107,-86,-92,-112,-95,-96,-94,-97,-98,-83,-108,-90,292,-99,-101,-91,-90,292,292,-100,]),'AMPEQ':([92,94,95,96,99,100,102,103,104,105,106,112,114,148,149,150,152,153,194,195,207,212,213,232,234,235,253,254,255,262,267,276,297,316,],[-93,-111,-81,-88,-82,-84,-85,-87,-90,-89,-107,-86,-92,-112,-95,-96,-94,-97,-104,-106,-98,-83,-108,-90,288,-236,-99,-101,-91,-90,-236,-236,-105,-100,]),'LPAREN':([13,14,21,23,33,34,36,37,40,45,52,53,55,56,57,58,60,61,64,66,67,68,69,71,73,76,80,86,87,88,90,92,93,94,95,96,97,98,99,100,101,102,103,104,105,107,108,110,112,113,114,116,117,118,119,120,121,123,126,136,144,149,150,151,152,153,154,156,157,158,159,161,162,163,164,165,166,167,168,169,170,171,172,173,174,175,176,177,178,179,180,181,182,183,184,186,187,189,191,192,199,200,207,209,210,211,212,220,226,230,232,242,245,249,252,253,254,255,256,260,262,274,275,277,278,279,280,281,282,283,284,285,286,287,288,289,290,305,307,309,311,316,324,325,329,330,337,342,343,352,358,],[25,32,39,43,61,-236,-78,73,61,61,73,-6,-3,-2,-5,-7,61,61,110,-8,-9,-58,-56,120,61,110,61,-24,-23,-22,110,-93,110,154,-81,-88,156,-136,-82,-84,-135,-85,-87,-90,-89,-137,-139,159,-86,-138,-92,-28,-29,-25,-27,61,-26,-236,61,110,-4,-95,-96,110,-94,-97,110,110,61,156,159,-113,-127,-121,-134,-120,-118,-114,-117,-125,-123,-132,-119,-124,110,-116,-129,-128,-133,-115,-131,-122,-126,-130,-57,110,-43,-30,61,61,61,-15,-98,-14,-12,-137,-83,110,110,110,-90,110,61,110,110,-99,-101,-91,-42,110,-90,-176,-236,110,-162,-173,-170,-165,-163,-167,-172,-171,-169,-164,-168,110,-166,110,-175,-191,110,-100,154,-190,110,110,348,-236,61,-236,61,]),'IMPORT':([5,8,9,24,],[-236,-221,13,-222,]),'VAR':([5,8,9,10,11,24,35,123,186,187,256,260,342,352,],[-236,-221,-236,21,-224,-222,-223,-236,21,-43,-42,21,-236,-236,]),'NOTEQ':([92,94,95,96,99,100,102,103,104,105,106,111,112,114,135,148,149,150,152,153,160,203,207,208,212,213,232,235,253,254,255,262,267,276,295,297,303,313,316,320,],[-93,-111,-81,-88,-82,-84,-85,-87,-90,-89,-107,172,-86,-92,172,-112,-95,-96,-94,-97,172,172,-98,172,-83,172,-90,172,-99,-101,-91,-90,172,172,172,172,172,172,-100,172,]),'ELSE':([244,315,],[-40,327,]),'IF':([123,186,187,256,260,327,342,352,],[-236,242,-43,-42,242,242,-236,-236,]),'LBRACE':([53,55,56,57,58,63,66,67,71,72,86,87,88,92,94,95,96,99,100,102,103,104,105,106,112,114,116,117,118,119,121,123,135,144,148,149,150,152,153,186,187,189,194,195,200,207,209,210,212,213,215,217,224,226,230,233,235,241,253,254,255,256,260,262,263,264,265,266,267,273,274,276,291,292,295,297,310,313,314,316,327,329,340,342,352,357,],[-6,-3,-2,-5,-7,91,-8,-9,-236,123,-24,-23,-22,-93,-111,-81,-88,-82,-84,-85,-87,-90,-89,-107,-86,-92,-28,-29,-25,-27,-26,-236,-236,-4,-112,-95,-96,-94,-97,123,-43,-30,-104,-106,-15,-98,-14,-12,-83,-108,-152,-154,-153,-236,-236,-151,-158,-155,-99,-101,-91,-42,123,-90,-202,-201,123,-203,-204,308,-110,-109,-159,-160,123,-105,323,-75,-161,-100,123,-236,-205,-236,-236,-189,]),'STRUCT':([33,34,40,45,60,61,64,68,69,71,73,76,80,90,93,98,101,107,108,110,113,120,123,126,136,151,154,156,157,159,161,162,163,164,165,166,167,168,169,170,171,172,173,174,175,176,177,178,179,180,181,182,183,184,186,187,189,191,192,199,211,220,226,230,242,245,249,252,256,260,274,275,277,278,279,280,281,282,283,284,285,286,287,288,289,290,305,307,309,311,325,329,330,342,343,352,358,],[63,-236,63,63,63,63,63,-58,-56,63,63,63,63,63,63,-136,-135,-137,-139,63,-138,63,-236,63,63,63,63,63,63,63,-113,-127,-121,-134,-120,-118,-114,-117,-125,-123,-132,-119,-124,63,-116,-129,-128,-133,-115,-131,-122,-126,-130,-57,63,-43,-30,63,63,63,-137,63,63,63,63,63,63,63,-42,63,-176,-236,63,-162,-173,-170,-165,-163,-167,-172,-171,-169,-164,-168,63,-166,63,-175,-191,63,-190,63,63,-236,63,-236,63,]),'PLUSEQ':([92,94,95,96,99,100,102,103,104,105,106,112,114,148,149,150,152,153,194,195,207,212,213,232,234,235,253,254,255,262,267,276,297,316,],[-93,-111,-81,-88,-82,-84,-85,-87,-90,-89,-107,-86,-92,-112,-95,-96,-94,-97,-104,-106,-98,-83,-108,-90,282,-236,-99,-101,-91,-90,-236,-236,-105,-100,]),'INTEGER':([64,76,90,93,98,101,107,108,110,113,123,136,151,154,156,159,161,162,163,164,165,166,167,168,169,170,171,172,173,174,175,176,177,178,179,180,181,182,183,186,187,211,220,226,230,242,249,252,256,260,274,275,277,278,279,280,281,282,283,284,285,286,287,288,289,290,305,307,309,311,325,329,330,342,352,],[102,102,102,102,-136,-135,-137,-139,102,-138,-236,102,102,102,102,102,-113,-127,-121,-134,-120,-118,-114,-117,-125,-123,-132,-119,-124,102,-116,-129,-128,-133,-115,-131,-122,-126,-130,102,-43,-137,102,102,102,102,102,102,-42,102,-176,-236,102,-162,-173,-170,-165,-163,-167,-172,-171,-169,-164,-168,102,-166,102,-175,-191,102,-190,102,102,-236,-236,]),'FLOAT':([64,76,90,93,98,101,107,108,110,113,123,136,151,154,156,159,161,162,163,164,165,166,167,168,169,170,171,172,173,174,175,176,177,178,179,180,181,182,183,186,187,211,220,226,230,242,249,252,256,260,274,275,277,278,279,280,281,282,283,284,285,286,287,288,289,290,305,307,309,311,325,329,330,342,352,],[112,112,112,112,-136,-135,-137,-139,112,-138,-236,112,112,112,112,112,-113,-127,-121,-134,-120,-118,-114,-117,-125,-123,-132,-119,-124,112,-116,-129,-128,-133,-115,-131,-122,-126,-130,112,-43,-137,112,112,112,112,112,112,-42,112,-176,-236,112,-162,-173,-170,-165,-163,-167,-172,-171,-169,-164,-168,112,-166,112,-175,-191,112,-190,112,112,-236,-236,]),'AMPERS':([64,76,90,92,93,94,95,96,98,99,100,101,102,103,104,105,106,107,108,110,111,112,113,114,123,135,136,148,149,150,151,152,153,154,156,159,160,161,162,163,164,165,166,167,168,169,170,171,172,173,174,175,176,177,178,179,180,181,182,183,186,187,203,207,208,211,212,213,220,226,230,232,235,242,249,252,253,254,255,256,260,262,267,276,277,278,279,280,281,282,283,284,285,286,287,288,289,290,295,297,303,305,313,316,320,329,330,342,352,],[113,113,113,-93,113,-111,-81,-88,-136,-82,-84,-135,-85,-87,-90,-89,-107,-137,-139,113,180,-86,-138,-92,-236,180,113,-112,-95,-96,113,-94,-97,113,113,113,180,-113,-127,-121,-134,-120,-118,-114,-117,-125,-123,-132,-119,-124,113,-116,-129,-128,-133,-115,-131,-122,-126,-130,113,-43,180,-98,180,-137,-83,180,113,113,113,-90,180,113,113,113,-99,-101,-91,-42,113,-90,180,180,113,-162,-173,-170,-165,-163,-167,-172,-171,-169,-164,-168,113,-166,180,180,180,113,180,-100,180,113,113,-236,-236,]),'LBRACK':([33,34,40,45,60,61,64,68,69,71,73,76,80,90,92,93,94,95,96,98,99,100,101,102,103,104,105,107,108,110,112,113,114,120,123,126,136,149,150,151,152,153,154,156,157,159,161,162,163,164,165,166,167,168,169,170,171,172,173,174,175,176,177,178,179,180,181,182,183,184,186,187,189,191,192,199,207,211,212,220,226,230,232,242,245,249,252,253,254,255,256,260,262,274,275,277,278,279,280,281,282,283,284,285,286,287,288,289,290,305,307,309,311,316,324,325,329,330,342,343,352,358,],[64,-236,64,64,64,64,64,-58,-56,64,64,64,64,64,-93,64,151,-81,-88,-136,-82,-84,-135,-85,-87,-90,-89,-137,-139,64,-86,-138,-92,64,-236,64,64,-95,-96,64,-94,-97,64,64,64,64,-113,-127,-121,-134,-120,-118,-114,-117,-125,-123,-132,-119,-124,64,-116,-129,-128,-133,-115,-131,-122,-126,-130,-57,64,-43,-30,64,64,64,-98,-137,-83,64,64,64,-90,64,64,64,64,-99,-101,-91,-42,64,-90,-176,-236,64,-162,-173,-170,-165,-163,-167,-172,-171,-169,-164,-168,64,-166,64,-175,-191,64,-100,151,-190,64,64,-236,64,-236,64,]),'DEFAULT':([186,187,256,308,321,322,323,334,335,336,342,346,349,352,356,],[-41,-43,-42,-236,-184,333,-236,-183,-193,347,-236,-192,-185,-236,-194,]),'OREQ':([92,94,95,96,99,100,102,103,104,105,106,112,114,148,149,150,152,153,194,195,207,212,213,232,234,235,253,254,255,262,267,276,297,316,],[-93,-111,-81,-88,-82,-84,-85,-87,-90,-89,-107,-86,-92,-112,-95,-96,-94,-97,-104,-106,-98,-83,-108,-90,286,-236,-99,-101,-91,-90,-236,-236,-105,-100,]),'BREAK':([123,186,187,256,260,342,352,],[-236,236,-43,-42,236,-236,-236,]),'LEQ':([92,94,95,96,99,100,102,103,104,105,106,111,112,114,135,148,149,150,152,153,160,203,207,208,212,213,232,235,253,254,255,262,267,276,295,297,303,313,316,320,],[-93,-111,-81,-88,-82,-84,-85,-87,-90,-89,-107,181,-86,-92,181,-112,-95,-96,-94,-97,181,181,-98,181,-83,181,-90,181,-99,-101,-91,-90,181,181,181,181,181,181,-100,181,]),'CONTINUE':([123,186,187,256,260,342,352,],[-236,229,-43,-42,229,-236,-236,]),'NOT':([64,76,90,93,98,101,107,108,110,113,123,136,151,154,156,159,161,162,163,164,165,166,167,168,169,170,171,172,173,174,175,176,177,178,179,180,181,182,183,186,187,211,220,226,230,242,249,252,256,260,277,278,279,280,281,282,283,284,285,286,287,288,289,290,305,329,330,342,352,],[108,108,108,108,-136,-135,-137,-139,108,-138,-236,108,108,108,108,108,-113,-127,-121,-134,-120,-118,-114,-117,-125,-123,-132,-119,-124,108,-116,-129,-128,-133,-115,-131,-122,-126,-130,108,-43,-137,108,108,108,108,108,108,-42,108,108,-162,-173,-170,-165,-163,-167,-172,-171,-169,-164,-168,108,-166,108,108,108,-236,-236,]),'TYPE':([5,8,9,10,11,24,35,123,186,187,256,260,342,348,352,],[-236,-221,-236,23,-224,-222,-223,-236,23,-43,-42,23,-236,353,-236,]),'OR':([92,94,95,96,99,100,102,103,104,105,106,111,112,114,135,148,149,150,152,153,160,203,207,208,212,213,232,235,253,254,255,262,267,276,295,297,303,313,316,320,],[-93,-111,-81,-88,-82,-84,-85,-87,-90,-89,-107,182,-86,-92,182,-112,-95,-96,-94,-97,182,182,-98,182,-83,182,-90,182,-99,-101,-91,-90,182,182,182,182,182,182,-100,182,]),'MOD':([92,94,95,96,99,100,102,103,104,105,106,111,112,114,135,148,149,150,152,153,160,203,207,208,212,213,232,235,253,254,255,262,267,276,295,297,303,313,316,320,],[-93,-111,-81,-88,-82,-84,-85,-87,-90,-89,-107,183,-86,-92,183,-112,-95,-96,-94,-97,183,183,-98,183,-83,183,-90,183,-99,-101,-91,-90,183,183,183,183,183,183,-100,183,]),}$/;"	kind:variable	line:11
_lr_goto	../src/parsetab.py	/^_lr_goto = {}$/;"	kind:variable	line:22
_lr_goto_items	../src/parsetab.py	/^_lr_goto_items = {'FunctionBody':([72,],[122,]),'Conversion':([64,76,90,93,110,136,151,154,156,159,174,186,220,226,230,242,249,252,260,277,289,305,311,329,330,],[92,92,92,92,92,92,92,92,92,92,92,92,92,92,92,92,92,92,92,92,92,92,92,92,92,]),'ContinueStmt':([186,260,],[214,214,]),'ParameterListOpt':([73,120,],[125,125,]),'ExpressionRep':([135,235,267,276,],[194,194,194,194,]),'ExpressionStmt':([186,226,230,260,329,],[215,215,215,215,215,]),'Statement':([186,260,],[216,304,]),'ParameterDeclCommaRep':([73,120,],[127,127,]),'IfStmt':([186,260,327,],[223,223,338,]),'StatementRep':([123,342,352,],[186,186,186,]),'Assignment':([186,226,230,260,329,],[217,217,217,217,217,]),'TypeSwitchGuard':([275,],[310,]),'PackageNameDotOpt':([13,47,],[29,29,]),'TypeName':([33,40,45,60,61,64,71,73,76,80,90,93,107,110,120,126,136,151,154,156,157,159,174,186,191,192,199,211,220,226,230,242,245,249,252,260,277,289,305,311,329,330,343,358,],[56,56,56,56,56,56,56,56,56,56,56,56,56,56,56,56,56,56,56,56,56,56,56,56,56,56,56,56,56,56,56,56,56,56,56,56,56,56,56,56,56,56,56,56,]),'BinaryOp':([111,135,160,203,208,213,235,267,276,295,297,303,313,320,],[174,174,174,174,174,174,174,174,174,174,174,174,174,174,]),'ExprCaseClause':([322,],[334,]),'ParametersList':([73,120,],[129,129,]),'ParameterDecl':([73,120,191,192,],[130,130,247,248,]),'FunctionName':([20,],[37,]),'LabeledStmt':([186,260,],[218,218,]),'IdentifierOpt':([275,],[311,]),'StatementList':([123,342,352,],[188,349,356,]),'ConditionOpt':([305,],[319,]),'ElementType':([157,],[210,]),'PointerType':([33,40,45,60,61,64,71,73,76,80,90,93,107,110,120,126,136,151,154,156,157,159,174,186,191,192,199,211,220,226,230,242,245,249,252,260,277,289,305,311,329,330,343,358,],[66,66,66,66,66,66,66,66,66,66,66,66,66,66,66,66,66,66,66,66,66,66,66,66,66,66,66,66,66,66,66,66,66,66,66,66,66,66,66,66,66,66,66,66,]),'VarSpecRep':([39,],[74,]),'TypeSwitchStmt':([186,260,],[219,219,]),'RelOp':([111,135,160,203,208,213,235,267,276,295,297,303,313,320,],[179,179,179,179,179,179,179,179,179,179,179,179,179,179,]),'ExprSwitchCase':([322,],[332,]),'VarDecl':([10,186,260,],[22,22,22,]),'Tag':([251,],[300,]),'ConstSpecRep':([32,],[50,]),'PrimaryExpr':([64,76,90,93,110,136,151,154,156,159,174,186,220,226,230,242,249,252,260,277,289,305,311,329,330,],[94,94,94,94,94,94,94,94,94,94,94,94,94,94,94,94,94,94,94,94,94,94,324,94,94,]),'TypeSpec':([23,78,],[44,140,]),'Index':([94,324,],[149,149,]),'Parameters':([37,52,71,],[71,71,116,]),'UnaryOp':([64,76,90,93,110,136,151,154,156,159,174,186,220,226,230,242,249,252,260,277,289,305,329,330,],[93,93,93,93,93,93,93,93,93,93,93,93,93,93,93,93,93,93,93,93,93,93,93,93,]),'PackageName':([2,13,47,],[6,28,28,]),'ExpressionListPureOpt':([220,],[257,]),'Label':([186,229,236,240,260,],[221,271,271,294,221,]),'FunctionDecl':([10,],[15,]),'TopLevelDecl':([10,],[16,]),'ExprCaseClauseRep':([308,],[322,]),'ExprSwitchStmt':([186,260,],[222,222,]),'IdentifierList':([14,21,50,73,74,120,146,191,192,],[33,40,33,126,40,126,199,245,245,]),'TypeLit':([33,40,45,60,61,64,71,73,76,80,90,93,107,110,120,126,136,151,154,156,157,159,174,186,191,192,199,211,220,226,230,242,245,249,252,260,277,289,305,311,329,330,343,358,],[55,55,55,55,55,55,55,55,55,55,55,55,55,55,55,55,55,55,55,55,55,55,55,55,55,55,55,55,55,55,55,55,55,55,55,55,55,55,55,55,55,55,55,55,]),'ImportDeclRep':([5,],[9,]),'PackageClause':([0,],[1,]),'TypeList':([343,],[351,]),'ResultOpt':([71,],[118,]),'Selector':([94,324,],[152,152,]),'IncDecStmt':([186,226,230,260,329,],[224,224,224,224,224,]),'GotoStmt':([186,260,],[225,225,]),'AddOp':([111,135,160,203,208,213,235,267,276,295,297,303,313,320,],[175,175,175,175,175,175,175,175,175,175,175,175,175,175,]),'Operand':([64,76,90,93,110,136,151,154,156,159,174,186,220,226,230,242,249,252,260,277,289,305,311,329,330,],[114,114,114,114,114,114,114,114,114,114,114,114,114,114,114,114,114,114,114,114,114,114,114,114,114,]),'assign_op':([234,],[289,]),'Signature':([37,52,],[72,86,]),'Block':([72,186,260,265,295,327,],[124,227,227,306,315,339,]),'ConstDecl':([10,186,260,],[18,18,18,]),'SwitchStmt':([186,260,],[228,228,]),'VarSpec':([21,74,],[38,133,]),'Result':([71,],[121,]),'AliasDecl':([23,78,],[42,42,]),'ExpressionListTypeOpt':([154,],[206,]),'TypeCaseClause':([336,],[346,]),'Literal':([64,76,90,93,110,136,151,154,156,159,174,186,220,226,230,242,249,252,260,277,289,305,311,329,330,],[95,95,95,95,95,95,95,95,95,95,95,95,95,95,95,95,95,95,95,95,95,95,95,95,95,]),'ImportDecl':([9,],[12,]),'OperandName':([64,76,90,93,110,136,151,154,156,159,174,186,220,226,230,242,249,252,260,277,289,305,311,329,330,],[99,99,99,99,99,99,99,99,99,99,99,99,99,99,99,99,99,99,99,99,99,99,99,99,99,]),'AssignOp':([234,],[278,]),'FieldDeclRep':([91,],[146,]),'TypeRep':([350,],[354,]),'start':([0,],[4,]),'Declaration':([10,186,260,],[17,231,231,]),'Condition':([226,305,],[263,317,]),'StructType':([33,40,45,60,61,64,71,73,76,80,90,93,107,110,120,126,136,151,154,156,157,159,174,186,191,192,199,211,220,226,230,242,245,249,252,260,277,289,305,311,329,330,343,358,],[58,58,58,58,58,58,58,58,58,58,58,58,58,58,58,58,58,58,58,58,58,58,58,58,58,58,58,58,58,58,58,58,58,58,58,58,58,58,58,58,58,58,58,58,]),'MulOp':([111,135,160,203,208,213,235,267,276,295,297,303,313,320,],[168,168,168,168,168,168,168,168,168,168,168,168,168,168,]),'epsilon':([5,9,13,25,32,33,34,39,43,47,71,73,77,91,120,123,135,151,154,186,220,226,229,230,235,236,251,252,260,267,275,276,305,308,315,323,329,342,350,352,],[8,11,27,46,51,59,68,75,79,27,119,131,137,147,131,187,195,202,204,233,258,264,268,274,195,268,299,202,233,195,309,195,318,321,326,335,233,187,355,187,]),'ConditionBlockOpt':([226,],[265,]),'ExpressionList':([76,90,136,154,186,220,226,230,260,289,329,330,],[134,145,196,205,234,259,234,234,234,314,234,341,]),'SimpleStmt':([186,226,230,260,329,],[238,261,272,238,340,]),'ImportSpecRep':([25,],[47,]),'Expression':([64,76,90,110,136,151,154,156,159,174,186,220,226,230,242,249,252,260,277,289,305,329,330,],[111,135,135,160,135,203,135,208,160,213,235,135,267,276,295,297,303,235,313,135,320,235,135,]),'ImportPath':([29,],[48,]),'Source':([0,],[3,]),'ExpressionOpt':([151,230,252,],[201,273,302,]),'IdentifierRep':([34,],[69,]),'TypeExprListOpt':([33,],[65,]),'ReturnStmt':([186,260,],[237,237,]),'FunctionType':([33,40,45,60,61,64,71,73,76,80,90,93,107,110,120,126,136,151,154,156,157,159,174,186,191,192,199,211,220,226,230,242,245,249,252,260,277,289,305,311,329,330,343,358,],[67,67,67,67,67,67,67,67,67,67,67,67,67,67,67,67,67,67,67,67,67,67,67,67,67,67,67,67,67,67,67,67,67,67,67,67,67,67,67,67,67,67,67,67,]),'Slice':([94,324,],[150,150,]),'ArrayType':([33,40,45,60,61,64,71,73,76,80,90,93,107,110,120,126,136,151,154,156,157,159,174,186,191,192,199,211,220,226,230,242,245,249,252,260,277,289,305,311,329,330,343,358,],[53,53,53,53,53,53,53,53,53,53,53,53,53,53,53,53,53,53,53,53,53,53,53,53,53,53,53,53,53,53,53,53,53,53,53,53,53,53,53,53,53,53,53,53,]),'ForStmt':([186,260,],[239,239,]),'Arguments':([94,324,],[153,153,]),'ConstSpec':([14,50,],[31,84,]),'Function':([37,],[70,]),'ImportSpec':([13,47,],[26,83,]),'Type':([33,40,45,60,61,64,71,73,76,80,90,93,107,110,120,126,136,151,154,156,157,159,174,186,191,192,199,211,220,226,230,242,245,249,252,260,277,289,305,311,329,330,343,358,],[54,77,81,87,89,97,117,128,97,141,97,97,87,158,185,190,97,97,97,97,209,158,97,97,246,246,251,87,97,97,97,97,296,97,97,97,97,97,97,97,97,97,350,359,]),'TypeSpecRep':([43,],[78,]),'TopLevelDeclRep':([9,],[10,]),'LabelOpt':([229,236,],[270,293,]),'TypeCaseClauseOpt':([323,],[336,]),'TypeDecl':([10,186,260,],[19,19,19,]),'TypeSwitchCase':([336,],[345,]),'BaseType':([60,107,211,],[88,88,88,]),'UnaryExpr':([64,76,90,93,110,136,151,154,156,159,174,186,220,226,230,242,249,252,260,277,289,305,329,330,],[106,106,106,148,106,106,106,106,106,106,106,106,106,106,106,106,106,106,106,106,106,106,106,106,]),'SimpleStmtOpt':([230,],[275,]),'ArrayLength':([64,],[109,]),'ForClause':([226,],[266,]),'TypeOpt':([33,],[62,]),'ShortVarDecl':([186,226,230,260,329,],[241,241,241,241,241,]),'TypeDef':([23,78,],[41,41,]),'FieldDecl':([146,],[198,]),'BreakStmt':([186,260,],[243,243,]),'TagOpt':([251,],[301,]),'BasicLit':([64,76,90,93,110,136,151,154,156,159,174,186,220,226,230,242,249,252,260,277,289,305,311,329,330,],[100,100,100,100,100,100,100,100,100,100,100,100,100,100,100,100,100,100,100,100,100,100,100,100,100,]),'ExpressionListOpt':([77,],[138,]),'ElseOpt':([315,],[328,]),}$/;"	kind:variable	line:20
_lr_method	../src/parsetab.py	/^_lr_method = 'LALR'$/;"	kind:variable	line:7
_lr_productions	../src/parsetab.py	/^_lr_productions = [$/;"	kind:variable	line:28
_lr_signature	../src/parsetab.py	/^_lr_signature = 'rightEQUALNOTleftORORleftAMPAMPleftORleftCARETleftAMPERSleftEQEQNOTEQleftLESSGREATLEQGEQleftLLGGleftPLUSMINUSleftTIMESDIVIDEMODAMPAMP AMPCAR AMPCAREQ AMPEQ AMPERS BREAK CAREQ CARET CASE CHAN COLON COLONEQ COMMA CONST CONSTANT CONTINUE DDD DEFAULT DEFER DIVIDE DIVIDEEQ DOT ELSE EQEQ EQUAL FALLTHROUGH FLOAT FOR FUNC GEQ GG GGEQ GO GOTO GREAT IDENTIFIER IF IMAGINARY IMPORT INTEGER INTERFACE LBRACE LBRACK LEQ LESS LL LLEQ LMINUS LPAREN MAP MINUS MINUSEQ MINUSMIN MOD MODEQ NOT NOTEQ OR OREQ OROR PACKAGE PLUS PLUSEQ PLUSPLUS RANGE RBRACE RBRACK RETURN RPAREN RUNE SELECT SEMICOL STRING STRUCT SWITCH TIMES TIMESEQ TYPE TYPEX VARstart : SourceType : TypeName \\n\\t\\t\\t| TypeLit \\n\\t\\t\\t| LPAREN Type RPARENTypeName : TYPEXTypeLit : ArrayType\\n\\t\\t\\t   | StructType\\n\\t\\t\\t   | PointerType\\n\\t\\t\\t   | FunctionTypeTypeOpt : Type\\n\\t\\t\\t   | epsilonArrayType : LBRACK ArrayLength RBRACK ElementType ArrayLength : Expression  ElementType : Type StructType : STRUCT LBRACE FieldDeclRep RBRACE FieldDeclRep : FieldDeclRep FieldDecl SEMICOL\\n\\t\\t\\t\\t  | epsilon FieldDecl : IdentifierList Type TagOpt TagOpt : Tag\\n\\t\\t\\t | epsilon  Tag : STRING PointerType : TIMES BaseTypeBaseType : TypeFunctionType : FUNC SignatureSignature : Parameters ResultOptResultOpt : Result\\n\\t\\t\\t\\t | epsilonResult : Parameters\\n\\t\\t\\t  | TypeParameters : LPAREN ParameterListOpt RPARENParameterListOpt : ParametersList\\n\\t\\t\\t\\t\\t\\t| epsilonParametersList : Type\\n\\t\\t\\t\\t\\t  | IdentifierList Type\\n\\t\\t\\t\\t\\t  | ParameterDeclCommaRepParameterDeclCommaRep : ParameterDeclCommaRep COMMA ParameterDecl\\n\\t\\t\\t\\t\\t\\t\\t | ParameterDecl COMMA ParameterDeclParameterDecl : IdentifierList Type\\n\\t\\t\\t\\t\\t | TypeBlock : LBRACE StatementList RBRACEStatementList : StatementRepStatementRep : StatementRep Statement SEMICOL\\n\\t\\t\\t\\t\\t| epsilonDeclaration : ConstDecl\\n\\t\\t\\t\\t\\t| TypeDecl\\n\\t\\t\\t\\t\\t| VarDeclTopLevelDecl : Declaration\\n\\t\\t\\t\\t\\t| FunctionDeclConstDecl : CONST ConstSpec\\n\\t\\t\\t\\t | CONST LPAREN ConstSpecRep RPARENConstSpecRep : ConstSpecRep ConstSpec SEMICOL\\n\\t\\t\\t\\t\\t| epsilonConstSpec : IdentifierList TypeExprListOptTypeExprListOpt : TypeOpt EQUAL ExpressionList\\n\\t\\t\\t\\t\\t   | epsilonIdentifierList : IDENTIFIER IdentifierRepIdentifierRep : IdentifierRep COMMA IDENTIFIER\\n\\t\\t\\t\\t\\t | epsilonTypeDecl : TYPE TypeSpec\\n\\t\\t\\t\\t| TYPE LPAREN TypeSpecRep RPARENTypeSpecRep : TypeSpecRep TypeSpec SEMICOL\\n\\t\\t\\t\\t   | epsilonTypeSpec : AliasDecl\\n\\t\\t\\t\\t| TypeDefAliasDecl : IDENTIFIER EQUAL TypeTypeDef : IDENTIFIER TypeVarDecl : VAR VarSpec\\n\\t\\t\\t   | VAR LPAREN VarSpecRep RPARENVarSpecRep : VarSpecRep VarSpec SEMICOL\\n\\t\\t\\t\\t  | epsilonVarSpec : IdentifierList Type ExpressionListOpt\\n\\t\\t\\t   | IdentifierList EQUAL ExpressionListExpressionListOpt : EQUAL ExpressionList\\n\\t\\t\\t\\t\\t\\t | epsilon ShortVarDecl : IDENTIFIER COLONEQ Expression FunctionDecl : FUNC FunctionName Function\\n\\t\\t\\t\\t\\t| FUNC FunctionName SignatureFunctionName : IDENTIFIERFunction : Signature FunctionBodyFunctionBody : BlockOperand : Literal\\n\\t\\t\\t   | OperandName\\n\\t\\t\\t   | LPAREN Expression RPARENLiteral : BasicLitBasicLit : INTEGER\\n\\t\\t\\t\\t| FLOAT\\n\\t\\t\\t\\t| IMAGINARY\\n\\t\\t\\t\\t| RUNE\\n\\t\\t\\t\\t| STRINGOperandName : IDENTIFIERConversion : Type LPAREN Expression RPARENPrimaryExpr : Operand\\n\\t\\t\\t\\t   | Conversion\\n\\t\\t\\t\\t   | PrimaryExpr Selector\\n\\t\\t\\t\\t   | PrimaryExpr Index\\n\\t\\t\\t\\t   | PrimaryExpr Slice\\n\\t\\t\\t\\t   | PrimaryExpr ArgumentsSelector : DOT IDENTIFIERIndex : LBRACK Expression RBRACKSlice : LBRACK ExpressionOpt COLON ExpressionOpt RBRACKArguments : LPAREN ExpressionListTypeOpt RPARENExpressionListTypeOpt : ExpressionList\\n\\t\\t\\t\\t\\t\\t\\t | epsilonExpressionList : Expression ExpressionRepExpressionRep : ExpressionRep COMMA Expression\\n\\t\\t\\t\\t\\t | epsilonExpression : UnaryExpr\\n\\t\\t\\t\\t  | Expression BinaryOp ExpressionExpressionOpt : Expression\\n\\t\\t\\t\\t\\t | epsilonUnaryExpr : PrimaryExpr\\n\\t\\t\\t\\t | UnaryOp UnaryExprBinaryOp : OROR\\n\\t\\t\\t\\t| AMPAMP\\n\\t\\t\\t\\t| RelOp\\n\\t\\t\\t\\t| AddOp\\n\\t\\t\\t\\t| MulOpRelOp : EQEQ\\n\\t\\t\\t | NOTEQ\\n\\t\\t\\t | LESS\\n\\t\\t\\t | GREAT\\n\\t\\t\\t | LEQ\\n\\t\\t\\t | GEQAddOp : PLUS\\n\\t\\t\\t | MINUS\\n\\t\\t\\t | OR\\n\\t\\t\\t | CARETMulOp : TIMES\\n\\t\\t\\t | DIVIDE\\n\\t\\t\\t | MOD\\n\\t\\t\\t | AMPERS\\n\\t\\t\\t | LL\\n\\t\\t\\t | GG\\n\\t\\t\\t | AMPCARUnaryOp : PLUS\\n\\t\\t\\t   | MINUS\\n\\t\\t\\t   | TIMES\\n\\t\\t\\t   | AMPERS\\n\\t\\t\\t   | NOT Statement : Declaration\\n\\t\\t\\t\\t | LabeledStmt\\n\\t\\t\\t\\t | SimpleStmt\\n\\t\\t\\t\\t | ReturnStmt\\n\\t\\t\\t\\t | BreakStmt\\n\\t\\t\\t\\t | ContinueStmt\\n\\t\\t\\t\\t | GotoStmt\\n\\t\\t\\t\\t | Block\\n\\t\\t\\t\\t | IfStmt\\n\\t\\t\\t\\t | SwitchStmt\\n\\t\\t\\t\\t | ForStmt SimpleStmt : epsilon\\n\\t\\t\\t\\t  | ExpressionStmt\\n\\t\\t\\t\\t  | IncDecStmt\\n\\t\\t\\t\\t  | Assignment\\n\\t\\t\\t\\t  | ShortVarDecl  LabeledStmt : Label COLON Statement  Label : IDENTIFIER  ExpressionStmt : Expression  IncDecStmt : Expression PLUSPLUS\\n\\t\\t\\t\\t\\t| Expression MINUSMIN Assignment : ExpressionList assign_op ExpressionList assign_op : AssignOp AssignOp : PLUSEQ\\n\\t\\t\\t\\t| MINUSEQ\\n\\t\\t\\t\\t| TIMESEQ\\n\\t\\t\\t\\t| DIVIDEEQ\\n\\t\\t\\t\\t| MODEQ\\n\\t\\t\\t\\t| AMPEQ\\n\\t\\t\\t\\t| OREQ\\n\\t\\t\\t\\t| CAREQ\\n\\t\\t\\t\\t| LLEQ\\n\\t\\t\\t\\t| GGEQ\\n\\t\\t\\t\\t| EQUAL  IfStmt : IF Expression Block ElseOpt  SimpleStmtOpt : SimpleStmt SEMICOL\\n\\t\\t\\t\\t\\t\\t| epsilon  ElseOpt : ELSE IfStmt\\n\\t\\t\\t\\t| ELSE Block\\n\\t\\t\\t\\t| epsilon  SwitchStmt : ExprSwitchStmt\\n\\t\\t\\t\\t\\t| TypeSwitchStmt  ExprSwitchStmt : SWITCH ExpressionOpt LBRACE ExprCaseClauseRep RBRACE ExprCaseClauseRep : ExprCaseClauseRep ExprCaseClause\\n\\t\\t\\t\\t\\t\\t\\t| epsilon ExprCaseClause : ExprSwitchCase COLON StatementList ExprSwitchCase : CASE ExpressionList\\n\\t\\t\\t\\t\\t\\t| DEFAULT  TypeSwitchStmt : SWITCH SimpleStmtOpt TypeSwitchGuard LBRACE TypeCaseClauseOpt RBRACE TypeSwitchGuard : IdentifierOpt PrimaryExpr DOT LPAREN TYPE RPAREN  IdentifierOpt : IDENTIFIER COLONEQ\\n\\t\\t\\t\\t\\t\\t| epsilon  TypeCaseClauseOpt : TypeCaseClauseOpt TypeCaseClause\\n\\t\\t\\t\\t\\t\\t\\t| epsilon  TypeCaseClause : TypeSwitchCase COLON StatementList TypeSwitchCase : CASE TypeList\\n\\t\\t\\t\\t\\t\\t| DEFAULT  TypeList : Type TypeRep TypeRep : TypeRep COMMA Type\\n\\t\\t\\t\\t| epsilon ForStmt : FOR ConditionBlockOpt BlockConditionBlockOpt : epsilon\\n\\t\\t\\t\\t| Condition\\n\\t\\t\\t\\t| ForClauseCondition : Expression ForClause : SimpleStmt SEMICOL ConditionOpt SEMICOL SimpleStmtConditionOpt : epsilon\\n\\t\\t\\t| Condition RangeClause : ExpressionIdentListOpt RANGE ExpressionExpressionIdentListOpt : epsilon\\n\\t\\t\\t\\t| ExpressionIdentifierExpressionIdentifier : ExpressionList EQUALReturnStmt : RETURN ExpressionListPureOptExpressionListPureOpt : ExpressionList\\n\\t\\t\\t\\t| epsilonBreakStmt : BREAK LabelOptContinueStmt : CONTINUE LabelOptLabelOpt : Label\\n\\t\\t\\t| epsilon GotoStmt : GOTO Label Source : PackageClause SEMICOL ImportDeclRep TopLevelDeclRepImportDeclRep : epsilon\\n\\t\\t\\t| ImportDeclRep ImportDecl SEMICOLTopLevelDeclRep : TopLevelDeclRep TopLevelDecl SEMICOL\\n\\t\\t\\t\\t\\t\\t| epsilonPackageClause : PACKAGE PackageNamePackageName : IDENTIFIERImportDecl : IMPORT ImportSpec\\n\\t\\t\\t| IMPORT LPAREN ImportSpecRep RPAREN  ImportSpecRep : ImportSpecRep ImportSpec SEMICOL\\n\\t\\t\\t\\t| epsilon  ImportSpec : PackageNameDotOpt ImportPath  PackageNameDotOpt : DOT\\n\\t\\t\\t\\t\\t\\t\\t| PackageName\\n\\t\\t\\t\\t\\t\\t\\t| epsilon ImportPath : STRING epsilon : '$/;"	kind:variable	line:9
_tabversion	../src/parsetab.py	/^_tabversion = '3.10'$/;"	kind:variable	line:5
addScope	../src/scope.py	/^def addScope():$/;"	kind:function	line:12
argparser	../src/parser.py	/^argparser = argparse.ArgumentParser()$/;"	kind:variable	line:9
args	../src/parser.py	/^args = argparser.parse_args()$/;"	kind:variable	line:12
deleteScope	../src/scope.py	/^def deleteScope():$/;"	kind:function	line:20
dot	../src/parser.py	/^dot = Digraph()$/;"	kind:variable	line:18
get	../src/parser.py	/^def get$/;"	kind:function	line:37
getAllEntries	../src/utils.py	/^	def getAllEntries(self):$/;"	kind:member	line:38
getEntry	../src/utils.py	/^	def getEntry(self, name):$/;"	kind:member	line:31
global_symbol_table	../src/parser.py	/^global_symbol_table = SymbolTable(None)$/;"	kind:variable	line:30
infile	../src/parser.py	/^infile = args.input$/;"	kind:variable	line:13
insert	../src/utils.py	/^	def insert(self, name, idtype):$/;"	kind:member	line:18
keywords	../src/mylexer.py	/^keywords = [$/;"	kind:variable	line:24
lookup	../src/utils.py	/^	def lookup(self, name):$/;"	kind:member	line:12
make_edge	../src/parser.py	/^def make_edge(node1, node2, label=''):$/;"	kind:function	line:26
make_node	../src/parser.py	/^def make_node(label):$/;"	kind:function	line:20
mylexer.py	../src/mylexer.py	1;"	kind:file	line:1
nodecount	../src/parser.py	/^nodecount = 0$/;"	kind:variable	line:17
outfile	../src/parser.py	/^outfile = args.output$/;"	kind:variable	line:14
p_AssignOp	../src/parser.py	/^def p_AssignOp(p):$/;"	kind:function	line:822
p_SimpleStmtOpt	../src/parser.py	/^def p_SimpleStmtOpt(p):$/;"	kind:function	line:849
p_add_op	../src/parser.py	/^def p_add_op(p):$/;"	kind:function	line:733
p_alias_decl	../src/parser.py	/^def p_alias_decl(p):$/;"	kind:function	line:378
p_argument	../src/parser.py	/^def p_argument(p):$/;"	kind:function	line:634
p_array_length	../src/parser.py	/^def p_array_length(p):$/;"	kind:function	line:104
p_array_type	../src/parser.py	/^def p_array_type(p):$/;"	kind:function	line:98
p_assign_op	../src/parser.py	/^def p_assign_op(p):$/;"	kind:function	line:818
p_assignment	../src/parser.py	/^def p_assignment(p):$/;"	kind:function	line:810
p_base_type	../src/parser.py	/^def p_base_type(p):$/;"	kind:function	line:164
p_basic_lit	../src/parser.py	/^def p_basic_lit(p):$/;"	kind:function	line:509
p_binary_op	../src/parser.py	/^def p_binary_op(p):$/;"	kind:function	line:716
p_block	../src/parser.py	/^def p_block(p):$/;"	kind:function	line:253
p_break	../src/parser.py	/^def p_break(p):$/;"	kind:function	line:1028
p_condition	../src/parser.py	/^def p_condition(p):$/;"	kind:function	line:972
p_conditionblockopt	../src/parser.py	/^def p_conditionblockopt(p):$/;"	kind:function	line:962
p_conditionopt	../src/parser.py	/^def p_conditionopt(p):$/;"	kind:function	line:984
p_const_decl	../src/parser.py	/^def p_const_decl(p):$/;"	kind:function	line:295
p_const_spec	../src/parser.py	/^def p_const_spec(p):$/;"	kind:function	line:314
p_const_spec_rep	../src/parser.py	/^def p_const_spec_rep(p):$/;"	kind:function	line:305
p_continue	../src/parser.py	/^def p_continue(p):$/;"	kind:function	line:1034
p_conversion	../src/parser.py	/^def p_conversion(p):$/;"	kind:function	line:585
p_decl	../src/parser.py	/^def p_decl(p):$/;"	kind:function	line:278
p_element_type	../src/parser.py	/^def p_element_type(p):$/;"	kind:function	line:108
p_else_opt	../src/parser.py	/^def p_else_opt(p):$/;"	kind:function	line:857
p_empty	../src/parser.py	/^def p_empty(p):$/;"	kind:function	line:1148
p_error	../src/parser.py	/^def p_error(p):$/;"	kind:function	line:1145
p_expr_case_clause	../src/parser.py	/^def p_expr_case_clause(p):$/;"	kind:function	line:888
p_expr_case_clause_rep	../src/parser.py	/^def p_expr_case_clause_rep(p):$/;"	kind:function	line:880
p_expr_list	../src/parser.py	/^def p_expr_list(p):$/;"	kind:function	line:667
p_expr_list_opt	../src/parser.py	/^def p_expr_list_opt(p):$/;"	kind:function	line:437
p_expr_list_type_opt	../src/parser.py	/^def p_expr_list_type_opt(p):$/;"	kind:function	line:641
p_expr_opt	../src/parser.py	/^def p_expr_opt(p):$/;"	kind:function	line:697
p_expr_rep	../src/parser.py	/^def p_expr_rep(p):$/;"	kind:function	line:672
p_expr_switch_case	../src/parser.py	/^def p_expr_switch_case(p):$/;"	kind:function	line:892
p_expr_switch_stmt	../src/parser.py	/^def p_expr_switch_stmt(p):$/;"	kind:function	line:876
p_expression	../src/parser.py	/^def p_expression(p):$/;"	kind:function	line:686
p_expression_ident_listopt	../src/parser.py	/^def p_expression_ident_listopt(p):$/;"	kind:function	line:996
p_expression_stmt	../src/parser.py	/^def p_expression_stmt(p):$/;"	kind:function	line:799
p_expressionidentifier	../src/parser.py	/^def p_expressionidentifier(p):$/;"	kind:function	line:1001
p_expressionlist_pure_opt	../src/parser.py	/^def p_expressionlist_pure_opt(p):$/;"	kind:function	line:1020
p_field_decl	../src/parser.py	/^def p_field_decl(p):$/;"	kind:function	line:132
p_field_decl_rep	../src/parser.py	/^def p_field_decl_rep(p):$/;"	kind:function	line:123
p_for	../src/parser.py	/^def p_for(p):$/;"	kind:function	line:955
p_forclause	../src/parser.py	/^def p_forclause(p):$/;"	kind:function	line:976
p_func	../src/parser.py	/^def p_func(p):$/;"	kind:function	line:472
p_func_body	../src/parser.py	/^def p_func_body(p):$/;"	kind:function	line:477
p_func_decl	../src/parser.py	/^def p_func_decl(p):$/;"	kind:function	line:462
p_func_name	../src/parser.py	/^def p_func_name(p):$/;"	kind:function	line:468
p_function_type	../src/parser.py	/^def p_function_type(p):$/;"	kind:function	line:173
p_goto	../src/parser.py	/^def p_goto(p):$/;"	kind:function	line:1048
p_identifier_list	../src/parser.py	/^def p_identifier_list(p):$/;"	kind:function	line:334
p_identifier_opt	../src/parser.py	/^def p_identifier_opt(p):$/;"	kind:function	line:909
p_identifier_rep	../src/parser.py	/^def p_identifier_rep(p):$/;"	kind:function	line:340
p_if_statement	../src/parser.py	/^def p_if_statement(p):$/;"	kind:function	line:841
p_import_decl	../src/parser.py	/^def p_import_decl(p):$/;"	kind:function	line:1105
p_import_decl_rep	../src/parser.py	/^def p_import_decl_rep(p):$/;"	kind:function	line:1068
p_import_path	../src/parser.py	/^def p_import_path(p):$/;"	kind:function	line:1139
p_import_spec	../src/parser.py	/^def p_import_spec(p):$/;"	kind:function	line:1124
p_import_spec_rep	../src/parser.py	/^def p_import_spec_rep(p):$/;"	kind:function	line:1115
p_inc_dec	../src/parser.py	/^def p_inc_dec(p):$/;"	kind:function	line:803
p_index	../src/parser.py	/^def p_index(p):$/;"	kind:function	line:615
p_label	../src/parser.py	/^def p_label(p):$/;"	kind:function	line:795
p_labeled_statements	../src/parser.py	/^def p_labeled_statements(p):$/;"	kind:function	line:788
p_labelopt	../src/parser.py	/^def p_labelopt(p):$/;"	kind:function	line:1040
p_literal	../src/parser.py	/^def p_literal(p):$/;"	kind:function	line:504
p_mul_op	../src/parser.py	/^def p_mul_op(p):$/;"	kind:function	line:740
p_operand	../src/parser.py	/^def p_operand(p):$/;"	kind:function	line:495
p_operand_name	../src/parser.py	/^def p_operand_name(p):$/;"	kind:function	line:517
p_package_clause	../src/parser.py	/^def p_package_clause(p):$/;"	kind:function	line:1090
p_package_name	../src/parser.py	/^def p_package_name(p):$/;"	kind:function	line:1096
p_package_name_dot_opt	../src/parser.py	/^def p_package_name_dot_opt(p):$/;"	kind:function	line:1130
p_parameter_decl	../src/parser.py	/^def p_parameter_decl(p):$/;"	kind:function	line:237
p_parameter_decl_comma_rep	../src/parser.py	/^def p_parameter_decl_comma_rep(p):$/;"	kind:function	line:228
p_parameter_list	../src/parser.py	/^def p_parameter_list(p):$/;"	kind:function	line:213
p_parameter_list_opt	../src/parser.py	/^def p_parameter_list_opt(p):$/;"	kind:function	line:205
p_parameters	../src/parser.py	/^def p_parameters(p):$/;"	kind:function	line:201
p_pointer_type	../src/parser.py	/^def p_pointer_type(p):$/;"	kind:function	line:159
p_prim_expr	../src/parser.py	/^def p_prim_expr(p):$/;"	kind:function	line:595
p_rageclause	../src/parser.py	/^def p_rageclause(p):$/;"	kind:function	line:992
p_rel_op	../src/parser.py	/^def p_rel_op(p):$/;"	kind:function	line:724
p_result	../src/parser.py	/^def p_result(p):$/;"	kind:function	line:193
p_result_opt	../src/parser.py	/^def p_result_opt(p):$/;"	kind:function	line:185
p_return	../src/parser.py	/^def p_return(p):$/;"	kind:function	line:1014
p_selector	../src/parser.py	/^def p_selector(p):$/;"	kind:function	line:609
p_short_var_decl	../src/parser.py	/^def p_short_var_decl(p):$/;"	kind:function	line:450
p_signature	../src/parser.py	/^def p_signature(p):$/;"	kind:function	line:177
p_simple_stmt	../src/parser.py	/^def p_simple_stmt(p):$/;"	kind:function	line:777
p_slice	../src/parser.py	/^def p_slice(p):$/;"	kind:function	line:620
p_source_file	../src/parser.py	/^def p_source_file(p):$/;"	kind:function	line:1059
p_start	../src/parser.py	/^def p_start(p):$/;"	kind:function	line:55
p_statement	../src/parser.py	/^def p_statement(p):$/;"	kind:function	line:763
p_statement_list	../src/parser.py	/^def p_statement_list(p):$/;"	kind:function	line:260
p_statement_rep	../src/parser.py	/^def p_statement_rep(p):$/;"	kind:function	line:264
p_struct_type	../src/parser.py	/^def p_struct_type(p):$/;"	kind:function	line:117
p_switch_statement	../src/parser.py	/^def p_switch_statement(p):$/;"	kind:function	line:871
p_tag	../src/parser.py	/^def p_tag(p):$/;"	kind:function	line:150
p_tag_opt	../src/parser.py	/^def p_tag_opt(p):$/;"	kind:function	line:142
p_toplevel_decl	../src/parser.py	/^def p_toplevel_decl(p):$/;"	kind:function	line:284
p_toplevel_decl_rep	../src/parser.py	/^def p_toplevel_decl_rep(p):$/;"	kind:function	line:1077
p_type	../src/parser.py	/^def p_type(p):$/;"	kind:function	line:64
p_type_case_clause	../src/parser.py	/^def p_type_case_clause(p):$/;"	kind:function	line:926
p_type_case_clause_opt	../src/parser.py	/^def p_type_case_clause_opt(p):$/;"	kind:function	line:918
p_type_decl	../src/parser.py	/^def p_type_decl(p):$/;"	kind:function	line:354
p_type_def	../src/parser.py	/^def p_type_def(p):$/;"	kind:function	line:390
p_type_expr_list	../src/parser.py	/^def p_type_expr_list(p):$/;"	kind:function	line:322
p_type_list	../src/parser.py	/^def p_type_list(p):$/;"	kind:function	line:938
p_type_lit	../src/parser.py	/^def p_type_lit(p):$/;"	kind:function	line:78
p_type_name	../src/parser.py	/^def p_type_name(p):$/;"	kind:function	line:73
p_type_opt	../src/parser.py	/^def p_type_opt(p):$/;"	kind:function	line:85
p_type_rep	../src/parser.py	/^def p_type_rep(p):$/;"	kind:function	line:942
p_type_spec	../src/parser.py	/^def p_type_spec(p):$/;"	kind:function	line:373
p_type_spec_rep	../src/parser.py	/^def p_type_spec_rep(p):$/;"	kind:function	line:364
p_type_switch_case	../src/parser.py	/^def p_type_switch_case(p):$/;"	kind:function	line:930
p_type_switch_guard	../src/parser.py	/^def p_type_switch_guard(p):$/;"	kind:function	line:904
p_type_switch_stmt	../src/parser.py	/^def p_type_switch_stmt(p):$/;"	kind:function	line:900
p_unary_expr	../src/parser.py	/^def p_unary_expr(p):$/;"	kind:function	line:706
p_unary_op	../src/parser.py	/^def p_unary_op(p):$/;"	kind:function	line:750
p_var_decl	../src/parser.py	/^def p_var_decl(p):$/;"	kind:function	line:402
p_var_spec	../src/parser.py	/^def p_var_spec(p):$/;"	kind:function	line:421
p_var_spec_rep	../src/parser.py	/^def p_var_spec_rep(p):$/;"	kind:function	line:412
parser	../src/parser.py	/^parser = yacc.yacc()$/;"	kind:variable	line:1155
parser.py	../src/parser.py	1;"	kind:file	line:1
parsetab.py	../src/parsetab.py	1;"	kind:file	line:1
precedence	../src/parser.py	/^precedence = ($/;"	kind:variable	line:39
scope.py	../src/scope.py	1;"	kind:file	line:1
scopeCheck	../src/scope.py	/^def scopeCheck(id, currscope):$/;"	kind:function	line:6
scope_stack	../src/scope.py	/^scope_stack = []$/;"	kind:variable	line:3
setArgs	../src/utils.py	/^	def setArgs(self, name, attribute, value):$/;"	kind:member	line:25
t	../src/parser.py	/^t = parser.parse(input_str)$/;"	kind:variable	line:1159
t_AMPAMP	../src/mylexer.py	/^t_AMPAMP  = r'(&&)'$/;"	kind:variable	line:136
t_AMPCAR	../src/mylexer.py	/^t_AMPCAR  = r'&\\^'$/;"	kind:variable	line:124
t_AMPCAREQ	../src/mylexer.py	/^t_AMPCAREQ= r'(&\\^=)'$/;"	kind:variable	line:135
t_AMPEQ	../src/mylexer.py	/^t_AMPEQ   = r'(&=)'$/;"	kind:variable	line:130
t_AMPERS	../src/mylexer.py	/^t_AMPERS  = r'&'$/;"	kind:variable	line:119
t_CAREQ	../src/mylexer.py	/^t_CAREQ   = r'(\\^=)'$/;"	kind:variable	line:132
t_CARET	../src/mylexer.py	/^t_CARET   = r'\\^'$/;"	kind:variable	line:121
t_COLON	../src/mylexer.py	/^t_COLON   = r'\\:'$/;"	kind:variable	line:160
t_COLONEQ	../src/mylexer.py	/^t_COLONEQ = r'(:=)'$/;"	kind:variable	line:149
t_COMMA	../src/mylexer.py	/^t_COMMA   = r'\\,'$/;"	kind:variable	line:157
t_CONSTANT	../src/mylexer.py	/^def t_CONSTANT(t):$/;"	kind:function	line:167
t_DDD	../src/mylexer.py	/^t_DDD	  = r'(\\.\\.\\.)'$/;"	kind:variable	line:150
t_DIVIDE	../src/mylexer.py	/^t_DIVIDE  = r'\/'$/;"	kind:variable	line:117
t_DOT	../src/mylexer.py	/^t_DOT     = r'\\.'$/;"	kind:variable	line:158
t_EQEQ	../src/mylexer.py	/^t_EQEQ    = r'(==)'$/;"	kind:variable	line:141
t_FLOAT	../src/mylexer.py	/^def t_FLOAT(t):$/;"	kind:function	line:197
t_GEQ	../src/mylexer.py	/^t_GEQ     = r'(>=)'$/;"	kind:variable	line:148
t_GG	../src/mylexer.py	/^t_GG	  = r'(>>)'$/;"	kind:variable	line:123
t_GGEQ	../src/mylexer.py	/^t_GGEQ    = r'(>>=)'$/;"	kind:variable	line:134
t_GREAT	../src/mylexer.py	/^t_GREAT   = r'>'$/;"	kind:variable	line:143
t_IDENTIFIER	../src/mylexer.py	/^def t_IDENTIFIER(t):$/;"	kind:function	line:176
t_IMAGINARY	../src/mylexer.py	/^def t_IMAGINARY(t):$/;"	kind:function	line:192
t_INTEGER	../src/mylexer.py	/^def t_INTEGER(t):$/;"	kind:function	line:202
t_INTERFACE	../src/mylexer.py	/^def t_INTERFACE(t):$/;"	kind:function	line:163
t_LBRACE	../src/mylexer.py	/^t_LBRACE  = r'\\{'$/;"	kind:variable	line:155
t_LBRACK	../src/mylexer.py	/^t_LBRACK  = r'\\['$/;"	kind:variable	line:153
t_LEQ	../src/mylexer.py	/^t_LEQ     = r'(<=)'$/;"	kind:variable	line:147
t_LESS	../src/mylexer.py	/^t_LESS    = r'<'$/;"	kind:variable	line:142
t_LL	../src/mylexer.py	/^t_LL      = r'(<<)'$/;"	kind:variable	line:122
t_LLEQ	../src/mylexer.py	/^t_LLEQ    = r'(<<=)'$/;"	kind:variable	line:133
t_LMINUS	../src/mylexer.py	/^t_LMINUS  = r'(<-)'$/;"	kind:variable	line:138
t_LPAREN	../src/mylexer.py	/^t_LPAREN  = r'\\('$/;"	kind:variable	line:151
t_MINUS	../src/mylexer.py	/^t_MINUS   = r'-'$/;"	kind:variable	line:115
t_MINUSEQ	../src/mylexer.py	/^t_MINUSEQ = r'(-=)'$/;"	kind:variable	line:126
t_MINUSMIN	../src/mylexer.py	/^t_MINUSMIN= r'(--)'$/;"	kind:variable	line:140
t_MOD	../src/mylexer.py	/^t_MOD     = r'%'$/;"	kind:variable	line:118
t_MODEQ	../src/mylexer.py	/^t_MODEQ   = r'(%=)'     $/;"	kind:variable	line:129
t_NOT	../src/mylexer.py	/^t_NOT     = r'!'$/;"	kind:variable	line:145
t_NOTEQ	../src/mylexer.py	/^t_NOTEQ   = r'(!=)'$/;"	kind:variable	line:146
t_OR	../src/mylexer.py	/^t_OR 	  = r'\\|'$/;"	kind:variable	line:120
t_OREQ	../src/mylexer.py	/^t_OREQ    = r'(\\|=)'$/;"	kind:variable	line:131
t_OROR	../src/mylexer.py	/^t_OROR    = r'(\\|\\|)'$/;"	kind:variable	line:137
t_PLUS	../src/mylexer.py	/^t_PLUS    = r'\\+'$/;"	kind:variable	line:114
t_PLUSEQ	../src/mylexer.py	/^t_PLUSEQ  = r'(\\+=)'$/;"	kind:variable	line:125
t_PLUSPLUS	../src/mylexer.py	/^t_PLUSPLUS= r'(\\+\\+)'$/;"	kind:variable	line:139
t_RBRACE	../src/mylexer.py	/^t_RBRACE  = r'\\}'$/;"	kind:variable	line:156
t_RBRACK	../src/mylexer.py	/^t_RBRACK  = r'\\]'$/;"	kind:variable	line:154
t_RPAREN	../src/mylexer.py	/^t_RPAREN  = r'\\)'$/;"	kind:variable	line:152
t_RUNE	../src/mylexer.py	/^def t_RUNE(t):$/;"	kind:function	line:182
t_SEMICOL	../src/mylexer.py	/^t_SEMICOL = r'\\;'$/;"	kind:variable	line:159
t_STRING	../src/mylexer.py	/^def t_STRING(t):$/;"	kind:function	line:187
t_TIMES	../src/mylexer.py	/^t_TIMES   = r'\\*'$/;"	kind:variable	line:116
t_TIMESEQ	../src/mylexer.py	/^t_TIMESEQ = r'(\\*=)'$/;"	kind:variable	line:127
t_TYPEX	../src/mylexer.py	/^def t_TYPEX(t):$/;"	kind:function	line:171
t_error	../src/mylexer.py	/^def t_error(t):$/;"	kind:function	line:211
t_ignore	../src/mylexer.py	/^t_ignore = ' \\t'$/;"	kind:variable	line:112
t_ignore_COMMENT	../src/mylexer.py	/^t_ignore_COMMENT = r'(\/\\*([^*]|\\n|(\\*+([^*\/]|\\n])))*\\*+\/)|(\/\/.*)'$/;"	kind:variable	line:113
t_newline	../src/mylexer.py	/^def t_newline(t):$/;"	kind:function	line:207
tokens	../src/mylexer.py	/^tokens = [$/;"	kind:variable	line:53
tokens	../src/parser.py	/^tokens = mylexer.tokens$/;"	kind:variable	line:16
utils.py	../src/utils.py	1;"	kind:file	line:1
